-0.550234 0.515433 0
0.473861 1.36845 1
-0.916827 -0.124147 0
-2.01096 -0.492803 0
0.39258 -0.929185 0
0.0798318 -0.159516 0
0.0222218 -0.427793 0
-0.531817 -0.117476 0
0.222079 -0.767976 0
0.142465 -0.0346522 1
1.13434 -0.104746 1
-0.525123 1.91277 1
-2.02672 1.11942 0
0.779193 -1.1011 0
1.13023 0.373119 1
-0.386473 -1.15877 0
0.566113 -0.704453 0
-1.37794 -0.353117 0
-0.461466 0.0666573 0
-0.176286 1.20089 1
0.698399 -0.171629 1
-0.907187 1.18863 1
0.785532 2.65601 1
0.263486 1.64177 1
0.460816 0.0859235 1
-1.50996 0.721502 0
-0.84342 -0.513325 0
-0.0435368 -0.275301 0
-1.56307 -0.795631 0
0.930584 0.677767 1
0.69844 0.173602 1
0.662285 0.241122 1
-0.168205 1.16477 1
-0.245748 -0.769668 0
1.21217 1.2335 1
-1.57416 0.637953 0
-2.04442 1.06948 0
-0.933763 0.784208 0
-0.614876 0.332892 0
-1.38072 -0.280806 0
-0.0598173 0.961174 1
1.79428 0.58069 1
0.29765 -1.02812 0
-1.4186 0.190337 0
0.135754 0.60809 1
0.704981 0.360923 1
-1.46697 0.892629 0
-0.105257 -0.955346 0
-0.414765 -1.39874 0
-0.344081 0.750786 1
-0.327625 -0.861598 0
-0.258185 0.460956 1
-1.34939 -1.01907 0
0.127012 -1.24944 0
1.94512 -0.153336 1
-0.906987 -0.817354 0
-0.483123 -0.569828 0
-2.0916 1.26374 0
-0.0154833 -0.0273763 0
0.817874 -1.0546 0
-0.758327 0.457416 0
-0.0643781 0.344902 1
-0.0800874 -0.24138 0
1.43352 1.06579 1
-2.49876 1.48033 0
2.15873 1.23178 1
-0.214324 -0.689194 0
0.727833 -0.619069 1
0.35616 -0.0218809 1
1.21805 -0.389458 1
-0.442802 0.378227 0
1.93384 0.0809709 1
-0.416456 0.857503 1
0.718128 -0.951472 0
-0.53616 1.09653 1
0.428013 -2.4697 0
0.481979 0.926456 1
-0.837581 0.677186 0
1.87232 0.396374 1
-0.625616 -0.522461 0
0.0130339 0.37777 1
0.0628246 0.501596 1
-0.146945 0.180623 1
0.964811 -1.06483 0
0.108712 0.105764 1
0.920667 -0.226722 1
0.653048 1.10269 1
-1.8498 1.16863 0
-0.985382 -1.09394 0
-2.87946 -0.803178 0
-0.00485694 -0.383323 0
-0.462527 -1.1125 0
0.86723 0.958414 1
0.418119 -1.88653 0
2.27335 0.146975 1
0.539609 -1.4983 0
-0.0114434 0.413354 1
-0.140899 0.872162 1
1.30035 -1.34352 0
0.850121 0.39434 1
